/*--------------------------------*- C++ -*----------------------------------*\
| =========                 |                                                 |
| \\      /  F ield         | OpenFOAM: The Open Source CFD Toolbox           |
|  \\    /   O peration     | Version:  2406                                  |
|   \\  /    A nd           | Website:  www.openfoam.com                      |
|    \\/     M anipulation  |                                                 |
\*---------------------------------------------------------------------------*/
FoamFile
{
    version     2.0;
    format      binary;
    arch        "LSB;label=32;scalar=64";
    class       faceSet;
    location    "constant/polyMesh/sets";
    object      nonOrthoFaces;
}
// * * * * * * * * * * * * * * * * * * * * * * * * * * * * * * * * * * * * * //


2958
(
180228
180229
172037
180233
180239
180242
180243
172052
180246
180274
180276
172086
172087
180282
172090
180283
172091
180287
180290
180291
180293
172105
180299
180301
163918
180304
163920
180308
180309
180313
172123
180316
172124
180321
172132
172136
172137
172138
180331
180337
172149
172151
180346
172159
180352
180355
172164
172165
180359
172169
180363
180372
106646
180376
106648
180377
180381
172190
163998
172191
172193
180386
131234
180387
172196
131236
172197
180395
180400
172213
172215
180410
172220
180417
180419
180421
180423
172236
172245
164057
164059
172265
164076
164077
172271
172274
180472
180473
180477
131331
131333
180490
73995
180492
172303
74001
74002
180501
180503
180504
180509
180518
172332
172333
172338
172345
180554
180555
172370
172371
164194
164196
172391
172392
172403
172407
180600
172408
180601
180603
172411
180607
180615
172423
180618
115088
172438
172439
180632
180639
172450
172454
180652
180655
65975
172484
49612
49613
180686
180688
180693
180695
164314
164315
180702
180709
180713
180714
172522
164334
164335
172529
164337
164343
172538
156154
180731
172539
147964
147965
172542
147966
180735
172544
180739
180740
172548
172550
172551
180745
172572
180773
180776
172592
172593
164402
180787
164403
180789
172607
180800
172608
180802
180805
180810
164430
180822
180824
164441
164442
180827
164443
164471
164472
172668
164476
172669
164478
164479
180866
172674
164483
164484
180873
180874
180878
98968
164508
180894
164510
172703
180902
180906
172718
172719
164532
172725
164533
172726
180919
172731
180928
180930
164550
180935
180936
180940
180942
180944
172753
172754
180949
180951
172761
180958
172766
139999
172768
172769
172770
164583
164593
164594
172791
180986
172799
180996
140037
131848
131849
172810
181003
172812
181016
172824
148253
181023
172834
181028
181029
181033
181040
181042
25394
181043
181048
181049
181051
181059
181066
172874
172875
172878
181072
172882
164690
181085
181086
181088
164707
181092
164708
181097
181104
181107
181108
164725
164726
181113
181127
181129
172941
172942
181137
181140
172949
181142
140193
140194
172963
172964
17319
181162
172978
181172
82869
181175
181177
172985
156607
172994
181198
181199
173008
164819
181211
181212
181217
181218
181220
164841
164842
181232
181235
181241
173051
173052
123900
123902
181247
173056
173057
181253
156681
173075
173078
173079
181278
173088
173092
140327
140329
82986
173100
148525
164917
173110
173111
173113
181313
164937
181322
173130
164939
181329
181330
164948
173141
164949
173142
156766
181345
181346
164962
181350
181353
173161
173162
181362
173172
181365
1141
181367
164984
181372
181375
173185
181378
107651
107652
181387
181390
165006
173199
165007
181392
173200
173202
181396
173211
181404
173212
173213
165021
173214
165022
181409
173220
181413
173222
173223
173226
173228
181421
181422
181423
173231
132271
132272
181425
173233
173235
173236
181430
173238
181432
173241
173245
156866
181448
181456
124113
124114
181459
165075
173268
173269
181464
181465
173274
173275
181468
156895
165094
181485
181490
115957
115958
173312
132363
165133
132365
132370
181525
181527
181536
165152
181538
173346
173349
1324
1325
181551
181571
173384
173385
181584
173393
181589
181590
165209
181598
181601
181605
181608
181609
181612
173420
181627
173447
181640
173448
157070
181647
181648
173464
1445
1446
181673
165296
181683
173492
173493
181697
173508
99783
99784
165322
165323
173517
165326
165330
132564
173525
157152
157153
181733
173545
173546
181739
181740
181742
173551
173552
181746
173556
181749
173559
173560
165374
173567
173576
181775
181778
181779
181781
181786
173594
181787
181790
173600
173601
173605
9765
173606
9766
173614
173616
173619
173620
181816
181817
165435
140859
173630
173632
173634
181829
181830
181831
173639
99912
99913
181834
181836
173648
165456
165457
181844
173652
173653
173656
173657
181852
165472
173669
173674
181867
157294
173679
157295
181872
173680
140912
140913
181878
181886
173695
165505
165507
181898
181899
173711
181911
181913
181914
181916
173728
173737
165545
173739
173740
173741
173745
173747
157366
165562
181948
181952
173761
173762
173765
173767
181964
181967
181968
157394
181977
173785
181981
181983
181988
181989
181991
181992
173801
181994
182002
173810
182010
182011
173819
182013
165633
165634
182020
173828
182024
173832
182025
173841
182035
173846
173847
173849
182042
173851
173855
173856
173859
157475
173860
157476
132903
91943
132904
91944
132905
182060
182067
165684
182071
182072
182074
157498
182077
173886
182080
182084
182086
182087
165703
182088
173896
165704
182091
173900
165708
173903
173904
173909
173910
182103
182110
173920
182113
173921
165729
173923
149348
182123
182131
173947
173948
173953
182146
173960
182158
182161
182164
165784
173978
173979
165787
165788
173985
182179
182180
165800
182189
173998
165807
174000
165808
182195
182196
116664
165818
165819
182204
174016
174017
182212
165828
182216
182218
182219
165840
182225
182228
157653
182230
182242
174050
182243
174053
174059
174060
165870
174064
92145
182260
182261
182264
174077
182271
133120
182277
174087
182281
182282
182284
149530
174107
174108
182302
182304
108576
182305
108579
182309
182311
124967
182312
182313
174121
174123
182318
174129
174130
174135
182329
182335
165951
100415
174144
165952
174145
100417
174150
174151
165960
174153
174154
182349
174159
149593
174170
182366
174174
174175
174178
174179
182372
174186
182386
182387
182389
174202
174203
166015
166020
182405
166021
182408
174216
157833
174218
166026
157834
166027
182414
174223
182419
166039
182424
166040
174236
75933
174238
174245
174246
108722
182454
174264
174266
182471
133319
182472
174283
174284
182477
174286
182479
174287
166096
174302
174303
157925
174313
174323
174324
182517
174328
174329
174332
174334
182533
174350
174352
174353
182546
182548
174357
182555
174364
182557
125218
125219
125221
182574
182575
182584
166201
182586
166203
182592
149827
182601
182603
174415
158031
174416
158032
182612
182614
174424
182618
182620
182623
174431
166245
166246
182633
158057
158058
182635
174443
174444
174446
182641
174453
174454
182647
182651
182657
174465
174474
182671
182672
149904
174486
174489
174491
182684
174492
182686
174494
182687
133535
182691
182692
174502
182695
174515
182709
174517
182710
182715
182720
182725
174538
174544
182738
182746
182748
182750
182757
182760
182761
182763
182765
182768
174580
174581
174588
182783
158207
182784
174596
158215
158216
2569
2570
174603
10767
174609
174610
158226
125469
174629
158250
182827
182840
27193
182844
182845
174654
166483
182876
182879
166496
174698
182891
174699
182893
174703
174704
174712
166523
182912
182916
182924
182926
182934
174746
174748
174751
174757
182955
174765
182959
174769
174772
182965
182969
182970
158411
158412
174799
182997
174807
174809
117466
117467
174813
174814
174822
166633
174826
183025
183030
174839
166647
166648
174847
166655
174850
174851
166659
166661
174854
166662
183047
183056
174864
174865
174871
174876
166684
174877
166685
183070
166686
183075
174887
158507
174893
174894
174905
174906
174909
174911
174914
52035
68420
52036
183109
68426
183116
183118
166736
174933
174935
174937
158554
158556
183133
183135
174943
183136
150368
183137
150371
174953
174954
183153
174965
183159
183168
183169
174978
183186
174999
166808
175005
175006
158627
158628
175021
166829
183216
158645
175030
158646
175031
175034
158654
158655
52161
52162
183236
183238
175048
117704
175049
117705
175055
175056
117713
183250
117714
183254
183263
183268
166888
175088
183292
175101
183294
175102
183295
183299
175107
183300
175108
158727
183310
175120
175121
93205
158744
158745
175135
175136
175141
183336
183337
166953
158761
166954
158762
175148
183341
44079
134193
175157
175158
175160
175164
166973
175166
175168
166983
166984
175182
175186
175191
175192
183387
175196
183390
175199
175200
183393
183396
175204
175206
183400
183401
175210
183403
167020
175214
175215
175218
175221
117877
175222
183415
183422
183423
175240
158856
183433
183434
183437
183445
175256
158872
183449
183458
167075
175270
183468
175276
183470
175279
167087
167089
134327
183485
183490
183501
175309
183502
175311
167123
175316
167124
175319
175320
183515
175325
183525
183527
175341
175342
183537
175348
183543
175352
175353
183551
158976
175361
167171
183559
167175
167176
175371
183564
183566
175375
175376
167184
175381
183575
183576
175386
175388
175393
183587
175396
175399
175401
175403
175404
183597
175405
167217
167218
167219
167228
183614
175425
175427
175430
183624
183627
175445
175446
175448
183645
175454
183648
167268
175461
175462
183655
175467
183660
167276
175469
167278
183670
175478
167290
167291
183683
183686
175496
175498
175504
175506
175507
175519
183712
167330
183717
175529
175530
175533
183727
183741
183742
175551
175560
183753
159177
175567
183763
175571
167379
183765
175575
167385
167387
175580
183773
142815
159200
183777
159201
118242
118243
175588
167400
167401
175595
167404
183790
183799
183806
175617
175618
167430
167431
183816
175626
175628
175632
183828
175639
175641
175643
175646
167454
183839
167455
183841
159266
175652
159268
183845
175653
85542
175658
183854
175666
175667
183861
183862
175672
183870
175681
167489
183875
167493
151109
175686
175690
118349
183886
118350
175696
159315
175707
183903
175712
159329
183911
183912
183920
159344
159345
183923
175734
151158
175739
175744
175745
175748
159365
159366
175752
183945
175753
183946
159370
183951
183952
175763
175764
159384
183961
175769
44697
175770
159386
44698
183972
175783
175785
175786
175790
175804
175805
184001
184006
184008
167627
167628
151248
184020
126680
175845
175846
184043
167662
175855
184048
110320
175858
151283
175860
175862
175868
175869
175881
184074
184079
184086
184088
175898
175902
175906
175913
159532
175917
159533
184110
175918
175923
175924
167744
184129
167745
159561
175946
159563
184140
159566
175951
175952
159568
175955
175956
167766
167767
184152
159582
159583
175969
175972
175984
184177
175985
151412
184188
176001
184204
167820
184209
176017
184210
151442
151443
176022
176024
159643
159644
167843
176036
159653
159654
184233
176043
176046
184242
176051
176053
159670
159671
176056
184253
184260
167877
184265
176079
159696
176081
184284
176092
176093
176096
176097
176100
167909
151527
176109
184302
167925
167926
176120
176122
176123
176131
176138
167948
167949
176143
176147
176148
176151
176152
167970
167972
176166
184359
176169
184364
176173
159789
159790
176176
176177
176179
176180
176182
176185
184380
176191
184384
176192
168000
184385
135234
135236
176200
168008
184405
176219
176220
159841
184418
159843
176228
184424
184430
184432
176243
184436
176244
176248
176260
168068
135300
168069
135301
151688
135305
168074
168075
176270
184463
176272
168087
168088
184474
168094
176295
184490
176298
168109
176302
176303
168111
176306
176309
176312
159928
159929
159931
159932
176318
176325
176326
176329
176331
135372
135373
176335
176337
159954
159955
184532
159957
176345
176349
159965
176350
176354
176357
176358
168166
168170
184555
176364
168172
176366
176367
184560
176370
184563
159988
176373
159989
151803
184572
176382
176386
176387
176388
176391
184585
160009
160010
176395
176402
184597
160034
160035
184612
176421
176424
160040
176426
160042
184622
176430
176431
176435
176436
184632
119096
119098
176448
176450
160074
160076
176461
176464
151888
176468
184663
176472
168280
176474
176480
160102
184684
119153
184691
176502
176505
176509
176510
176511
160129
160130
160134
160135
176523
94606
184723
176537
176538
184731
160159
168352
160162
160163
176551
176552
94640
168370
168371
168375
168376
176573
176575
160197
176586
176587
176589
184782
184791
168410
160218
176603
176609
176610
160232
160235
176621
184814
176623
176624
184824
176633
176635
176636
184829
176639
176641
176642
176646
176653
176654
176657
184853
176664
184857
176668
176669
184862
184869
168487
184872
168488
184876
184879
176687
168499
168501
168505
184891
168507
184892
168508
184895
176703
184896
184897
176705
184898
176707
184901
176709
176711
168525
176718
176719
70223
184912
168528
176721
70225
176722
184915
168534
184919
168537
184926
176734
168544
168545
168548
168549
176744
168553
176748
168556
184942
168565
168566
176768
176769
184963
176774
184967
176775
184969
176779
184976
176784
176787
168600
168601
176795
176797
176799
168611
176807
176809
185002
176811
176813
176815
160433
185010
160434
185012
176822
176823
185016
168633
185020
37567
160448
176838
176839
168660
176858
168666
168667
176866
176869
185069
176879
176886
103161
103162
185083
176891
168701
176894
168703
176896
176897
168706
176899
185095
176903
185097
176906
176907
176909
176915
176917
168725
176918
176919
168727
176920
176928
168736
176930
168740
168741
144165
176934
144166
168743
185128
176936
176937
168750
168751
176944
185137
168754
168757
185142
168758
168764
168768
185155
176965
168776
168777
160586
160588
152396
185165
152397
185166
160590
168786
185171
185179
185180
168800
168801
111457
185189
177002
177006
177010
177012
177013
168827
185215
168831
168832
177029
177033
185226
177034
168842
168843
177036
185229
177037
177040
160656
185233
177041
160659
185238
185239
168855
168856
177049
177060
168868
177062
168870
177070
177071
177075
177076
168884
168885
177078
160697
160699
160700
185283
152517
152519
160713
177098
177109
177117
177118
160739
177127
177131
177133
177136
177137
168958
160773
177158
177162
177163
177166
160787
177172
177173
177175
160792
177177
160794
160795
177180
177181
177182
168991
168992
177187
177192
152620
177210
169018
177222
169030
160838
169031
177231
177232
169040
169042
177235
177237
177242
177252
177255
177257
169072
169073
177267
177269
177286
177287
177290
169099
177296
177299
177300
169110
177305
177307
177313
177314
177317
177323
160939
177326
177327
177328
177329
177334
177335
177338
177342
160963
169157
177350
160969
169163
177356
177362
177366
169179
177372
169181
169183
177382
177383
177387
169195
177392
169206
169209
169210
161019
161020
177407
177419
177420
177423
177425
177428
161045
177432
161050
161051
177438
128286
128287
169248
177445
177446
177449
177452
169260
177458
161074
169277
169278
169285
169286
169301
177498
177499
177507
177509
177510
177513
169322
177517
169326
169333
161141
177529
177531
177536
169344
177537
169345
177539
177542
177543
177544
177547
177548
169357
177557
177558
177563
13724
13725
177567
177568
169379
169380
177574
177575
177576
169384
177577
169393
177586
177587
177588
169398
177592
169400
169401
169405
161214
161217
177608
169421
177615
161232
177617
177631
177641
169453
177647
177648
177652
177663
144897
144899
177674
177675
177679
169488
177681
177685
177687
177689
177691
169507
169508
177704
169513
169514
112177
177719
177722
177730
161347
177732
177737
169546
169547
177743
177751
177757
169567
177761
177764
177765
169574
169575
169579
169581
153197
177774
177777
177778
161397
177782
177783
177784
161400
161405
177794
169606
177802
177805
169613
169614
177807
177813
161431
169624
161432
177817
169625
161435
161436
177822
177824
177829
169643
177836
177849
161474
177859
161476
169669
161477
169670
169673
177871
177872
177874
177876
161494
177884
177885
169695
177888
169700
169701
177896
177900
177901
169719
169720
177916
177917
177919
177929
169738
177931
169739
177932
177935
177937
177938
177942
177960
177961
169769
177963
169771
169783
169784
169792
169793
177987
177988
177990
169801
169802
177995
177997
178005
169813
169814
169818
169819
178014
169822
178015
169823
161634
178019
169839
169840
178040
169854
178049
178051
153478
178055
153479
63372
178064
178066
178068
178070
178074
178076
169885
169886
178079
178081
178082
161698
178085
169896
169897
169903
169904
178101
178103
178105
178106
169915
178109
178113
178114
161730
178116
169925
161738
178124
169936
178129
178134
178139
178140
178142
178147
169955
178150
178151
178155
178157
178161
169971
178164
169972
178165
104439
178172
178176
88076
88077
178193
178197
178202
178204
170016
170021
170023
178219
161841
178228
161846
161847
178235
178246
178254
178255
178263
170071
178265
178267
178270
178274
178279
161896
178282
178289
170100
178295
178306
178308
178310
161927
178319
178322
178326
170134
178334
170143
170144
178354
178363
178364
170177
170181
170182
170188
178381
178382
178385
178387
178390
170215
170216
170219
170220
178415
178425
170236
178430
178432
170242
178436
170248
178444
178447
170255
170270
170271
170275
178474
178478
170292
178490
178503
178506
170315
178508
170316
14670
153942
170327
170328
170330
170332
178545
178547
178548
178554
170363
121211
121212
170369
178562
178564
170377
178570
170378
178574
170382
170384
178580
178583
170391
170404
170405
178598
178602
178603
170413
178610
178611
170419
170420
178614
178616
178622
178623
170437
178631
170447
178640
96721
178643
170451
137686
178647
137687
145881
178652
178660
170469
170470
178664
178666
170478
178675
170487
170488
121337
170491
170494
170495
178688
178692
178701
170509
129553
170514
129555
178712
170520
178713
178716
178717
178719
178720
170528
137761
170541
170545
162367
96836
178768
170577
178775
170585
178784
178787
178788
178790
170598
178792
178794
170605
178800
178803
170612
170613
170623
178818
178820
178825
178827
137868
137869
178832
170643
170644
178838
178841
170650
178844
178848
170670
178867
146099
178868
146101
170678
178881
178882
178884
170692
170693
162501
178887
170696
170697
170701
170703
162511
170705
178900
178901
170709
178903
170711
170712
178905
170722
170724
178917
178918
178922
178923
178925
170733
170735
178931
178932
170742
178939
178940
178942
178947
178948
170759
121609
178958
178960
170768
178963
170771
178965
170773
170774
178968
178972
178984
178985
178989
178994
178995
170804
170805
178998
146236
179008
179015
170823
179020
179021
146255
179025
179029
179032
179033
179036
179046
179055
170873
179067
179068
170881
170882
179078
179091
179099
179103
179105
179106
179113
170921
170927
170928
179123
179125
179140
170950
179148
7116
179149
170959
154575
97232
170961
97234
170966
170976
170978
170979
179174
179177
179178
170986
170987
179181
179183
179184
170995
170996
179190
179193
171001
179199
171008
179201
179202
179209
179210
179219
179221
179222
97304
171033
171034
179229
171038
179231
179235
179236
171045
171049
171050
171051
171057
171059
179254
179256
171064
171078
179271
171079
179285
179286
171102
179305
179308
179310
171118
171119
179312
179313
171121
179314
171122
171124
171126
179324
179328
171145
179339
179344
171158
179353
179354
179357
179361
171172
171173
179379
162996
179381
179382
162998
162999
179384
179386
179387
171200
171201
171205
171206
179404
179409
179412
105685
179414
179420
179421
48353
48354
179427
48355
15591
15592
179435
179437
171247
171248
179446
171259
179457
179458
171266
171268
179461
171269
171274
179472
171282
179475
171283
179479
56601
179485
171295
171298
171299
171303
179499
179502
179507
179509
171317
179516
171326
15678
179521
179525
179533
179534
171345
179538
179540
171350
171352
179547
179548
171360
171369
179562
171370
179563
179564
179569
146801
179570
146802
179575
171398
171403
179597
179598
179606
171415
179610
171423
179616
171425
171441
179639
179644
179645
171453
179650
179652
171461
171462
171468
171469
155085
179668
179669
179670
171478
179676
171491
179686
171497
179691
171499
171500
171503
179712
179714
179716
179723
179730
179739
179745
179750
171559
179754
130604
130605
179759
179760
179767
179775
179777
179781
171595
171596
179789
179790
171601
179799
163417
179804
179808
179809
179812
179813
171624
171625
179819
171627
171629
171633
179826
171639
7802
171645
179838
179841
179853
179854
179856
171666
171667
179860
179864
179870
179875
179878
171688
179881
171690
179886
171694
179896
171707
171712
171713
179907
179908
179913
171722
179915
179916
171724
171725
179922
171734
171738
179936
163563
171756
171758
171760
171761
163574
179959
163575
171777
171779
163594
171788
171792
179987
179989
171798
171800
147230
147231
106273
180004
180006
147243
180017
163634
171830
163639
180024
163640
180026
180027
180032
130880
180036
139080
139081
114509
114510
180051
171860
171864
171865
180058
180063
180064
180067
171875
180068
171878
180075
171883
171884
171886
180080
171889
180085
180087
180089
114555
114556
180093
171901
171907
180108
180110
155539
180117
171927
171928
180129
180130
180131
180132
171942
171943
180137
180140
180141
155565
171950
180143
171952
171960
171961
180155
180157
180163
180164
147396
147398
180167
171976
171977
180170
163790
180175
163791
180176
171984
171985
180180
171990
171991
171998
172000
180195
172003
180196
180198
163817
180203
180205
180207
180208
180210
180211
172019
180214
131063
180216
131065
180220
172030
)


// ************************************************************************* //
